-3.869438 -2.691262
-3.901603 -0.613651
-4.125139 0.752104
-4.017975 -0.175765
-4.074341 3.513929
-3.976676 -0.636030
-3.789866 -4.094178
-4.087667 1.264152
-3.805121 -2.423175
-4.046527 2.277451
-4.065192 0.699446
-3.939037 -0.596113
-3.929088 -1.697521
-3.972020 3.217017
-4.146746 0.536136
-4.069132 -0.847151
-4.086799 -1.203573
-4.051251 -0.312449
-4.078209 2.175947
-3.957421 3.309505
-3.898846 0.047100
-4.025067 0.739810
-3.944576 0.560084
-3.924112 -2.856096
-3.986616 0.243073
-4.027256 -0.862635
-4.054263 -0.740925
-4.116310 -0.261322
-4.027352 -5.007030
-3.984050 -1.272264
-4.018671 1.309803
-3.978210 0.209219
-3.995376 -0.893575
-3.932968 -0.590384
-4.063050 -1.870601
-4.011841 -1.207913
-3.975794 -1.009780
-4.037608 -0.322379
-3.971956 1.018378
-4.177445 -0.036445
-3.954142 -0.138151
-3.953818 -1.447154
-4.000119 1.695020
-4.035294 0.407860
-4.043299 0.980423
-4.170477 0.379822
-3.890428 1.398997
-3.936423 2.619773
-4.108718 -0.747611
-4.147727 0.939742
-4.038525 1.176582
-3.931916 -0.015185
-3.916735 3.311580
-3.946540 -1.695012
-3.923198 -0.842000
-3.824511 0.134923
-4.170431 0.045381
-3.953049 -0.385873
-4.005430 -0.830874
-4.074887 1.428227
-3.928324 -0.104622
-4.000551 -1.397356
-3.879989 2.966722
-4.103402 1.579905
-4.084757 2.578749
-3.956658 -0.046329
-4.088752 3.318305
-3.987877 1.592927
-4.040190 -3.131719
-3.890332 -2.191577
-3.956333 1.010878
-4.040700 -0.201243
-4.063869 -0.249090
-4.040488 1.861555
-3.760614 2.948278
-4.004962 0.677639
-4.020258 0.220545
-4.019753 3.898727
-3.848368 -0.018495
-4.173221 -0.780374
-3.888753 -1.030656
-4.071928 -1.274217
-4.027337 0.141500
-3.932260 -1.491048
-4.093645 -3.218861
-3.957428 -2.225489
-4.007454 0.755524
-4.139881 1.890157
-3.980769 2.082968
-3.941961 4.005997
-3.936214 -1.877507
-4.056598 2.363443
-4.001614 0.141474
-3.937768 -0.810223
-3.946656 -0.738511
-4.038934 1.540875
-4.127167 1.125400
-3.972740 -3.128393
-3.968253 1.774826
-3.850163 1.429344
-2.033422 2.434752
-2.138772 1.541661
-2.108836 0.591512
-2.174814 2.228660
-2.007101 -0.051877
-2.054965 2.589626
-2.044116 -0.757587
-1.968694 -2.250043
-2.042048 1.639525
-2.240020 0.299248
-2.084670 4.651976
-2.074012 4.377534
-2.242655 0.939781
-1.874746 0.325562
-2.306410 1.625192
-1.940302 1.452529
-2.041692 4.399440
-2.051513 1.396735
-1.908408 4.088006
-2.042926 4.142969
-2.032080 6.364289
-2.123260 1.342773
-1.840794 1.176811
-1.859764 4.902441
-1.902923 0.721107
-1.924869 -1.144543
-1.897266 2.150218
-1.901818 2.866471
-1.944266 1.371299
-1.910675 1.392584
-2.100282 -0.360629
-1.995850 4.983984
-1.922165 2.348787
-2.102599 1.051379
-1.999892 2.695959
-2.026518 3.445215
-1.824436 0.184297
-1.933180 2.390167
-1.845218 1.164511
-1.911941 4.859123
-1.857273 2.275267
-2.013364 0.051988
-1.983715 1.807632
-2.088835 2.777779
-1.945189 5.638317
-1.565232 2.068533
-1.986199 2.989993
-2.006448 4.079719
-1.878624 2.881219
-2.221129 0.493529
-1.840444 1.721028
-2.119865 0.860614
-1.919742 3.224130
-1.960883 4.667908
-2.009479 1.961996
-2.101438 3.826901
-1.940983 0.793180
-1.840963 2.275918
-1.903460 1.694345
-1.802563 4.823692
-2.196376 2.509160
-1.997276 3.329718
-2.190969 1.409047
-1.983788 0.902914
-1.923402 2.683646
-2.108564 0.582423
-1.818581 -0.358585
-2.067155 1.476717
-1.911834 4.769851
-2.049172 1.320480
-2.107243 2.382486
-2.104251 0.971644
-2.205207 -1.551385
-1.784933 2.000740
-2.346092 4.933505
-2.182440 1.425776
-2.280661 0.007891
-2.189921 0.284105
-2.394826 2.630795
-1.914838 1.271965
-1.994281 3.703683
-2.145794 1.522361
-2.183986 -1.612233
-2.186390 1.238813
-2.039380 3.233089
-2.285967 3.777909
-1.942480 4.225572
-2.012703 3.733298
-2.048403 3.859168
-1.907761 5.280561
-1.951104 4.657715
-2.048746 2.304128
-1.995646 1.175340
-2.018858 1.515461
-2.088535 3.216991
-1.842819 4.092620
-1.829988 1.571215
-1.989764 4.620022
-2.145204 0.744355
-2.165883 1.194023
-0.038695 -1.562738
-0.066195 -5.309373
0.086990 -3.585445
-0.018709 -0.371621
0.185154 -5.019768
-0.000613 0.450585
0.186628 -2.838490
-0.242997 -1.085880
0.036182 -4.037373
0.028348 -0.692633
0.193519 -2.002443
0.026172 0.172098
0.177916 -2.946989
0.189274 -3.273672
-0.062032 -3.309565
-0.119066 1.420294
0.085819 -2.571077
-0.081508 -4.786892
-0.015715 -0.357033
-0.057123 -1.956781
0.010081 -2.616389
0.059642 -1.104846
0.071220 -0.462841
0.013564 -3.103626
-0.094691 -1.807920
-0.084693 -2.538070
0.029230 -3.001299
-0.218430 -1.176367
-0.117444 -0.750556
-0.156577 -4.373147
-0.032795 -0.077203
0.048522 -1.742202
0.236475 -2.408826
-0.000413 -4.751330
-0.106764 -2.445504
-0.045355 -2.120481
0.045822 -1.820215
0.102185 -2.756042
-0.045907 -0.395956
-0.000461 0.715905
0.118586 0.154030
0.022374 -2.399323
0.008039 -1.418717
-0.033107 -1.295538
-0.038463 -3.076988
0.105800 -2.019896
-0.053166 -3.021422
-0.004727 -1.880912
-0.103382 0.788666
0.060375 -2.323953
0.024918 -3.265716
0.044154 0.385793
-0.002693 -0.487801
-0.074210 -2.910022
-0.008531 -3.276518
-0.128411 0.443742
-0.033860 -1.945665
0.230719 -1.679129
0.167231 -1.395026
0.086778 -3.089560
0.043806 -0.113999
0.082656 2.075752
0.038950 -6.309038
0.093175 -1.657114
0.120576 -0.362586
-0.102126 -3.378429
-0.019099 -1.844572
-0.002715 -1.704524
-0.055512 -3.038798
-0.099418 -0.776188
0.127212 0.104182
0.066781 -1.613362
-0.091078 -1.359726
-0.105268 -2.946568
0.042720 -0.062719
-0.068884 -2.156353
-0.119830 -1.236760
-0.024746 0.034747
-0.084473 -2.514835
0.084962 -2.336336
0.230657 -1.843151
-0.170095 -2.386794
0.083750 -4.197849
0.042243 -1.164451
-0.084256 -4.496810
0.096166 -2.527328
-0.088837 -4.439405
-0.188225 0.254175
-0.112331 -1.852099
0.057816 -1.170429
0.041031 -2.455247
0.100265 0.748488
0.049077 -2.699717
0.126035 -0.005192
-0.200481 -0.002729
-0.030451 -2.910357
-0.036320 -1.256329
-0.005788 -1.780722
0.106718 1.663270
-0.067642 -3.722039
1.725548 2.257633
2.053841 0.496438
1.832059 1.113845
1.897956 1.286281
2.057406 1.478291
1.775171 -2.645489
2.185624 -1.353587
2.072990 -0.705776
2.246368 -3.194857
1.945986 -2.803770
2.158141 0.715291
1.806199 0.717819
2.041714 1.849198
2.194582 0.731195
1.887727 -1.533565
2.015133 -0.031447
2.283135 -1.433023
1.864120 1.734316
1.807675 -3.021901
2.161706 1.718894
1.995932 0.996194
1.809357 1.546187
1.845205 -1.157236
2.059976 0.394263
2.042415 -0.082069
1.939105 -3.021699
2.039674 0.969568
2.097763 0.885190
1.873393 -1.486210
1.944616 2.480058
1.874313 -3.530245
2.232076 -0.821988
1.778524 -0.781660
2.279570 -1.427433
1.901313 -1.327889
1.999648 0.966094
2.165851 -1.747591
2.127788 0.137761
1.940869 -0.850244
2.153906 -0.256725
1.795666 3.864698
2.239278 -1.083715
2.200995 1.771043
2.003206 0.075737
2.069956 0.062959
2.169656 -3.805220
1.943234 2.041547
2.094467 0.309047
2.119026 -0.868033
2.064424 0.074855
1.753957 -0.218015
1.941861 3.664046
1.657705 -2.213692
1.933660 -1.123066
1.863193 0.525612
1.983365 3.708327
2.065369 0.514672
2.143763 2.222274
1.975203 1.505239
2.006953 1.437891
2.175506 2.575078
2.224597 4.582459
2.037688 0.295170
2.149174 -0.580040
1.873577 0.374428
2.274638 -0.606363
1.885204 -4.622689
1.867059 -0.231902
2.093206 0.335679
1.988684 -0.732598
1.725212 -0.433747
2.186623 2.472475
2.120413 0.165040
2.285377 -0.059796
2.051068 -1.322692
2.122107 -1.114488
1.800563 -0.201806
2.322069 0.255854
2.410749 0.777218
1.933953 3.270485
1.879660 2.713130
2.173224 -2.394393
1.803364 3.513178
2.026606 -1.970997
1.976649 5.142423
2.143177 0.398574
1.658986 -0.877456
2.021380 -4.042607
2.045365 -0.795962
1.693237 3.084288
1.972488 -0.825321
2.108976 -0.901641
1.779030 -2.626020
1.948032 -2.347842
2.034095 -1.157372
1.909486 0.720061
2.272483 -4.124569
2.133270 1.334709
1.899756 -0.962227
2.057439 1.608656
3.999565 -0.479340
3.955731 -0.684016
4.050276 -1.902862
4.050515 -0.620272
4.202512 -0.668035
3.869880 -1.837428
3.929797 -1.050754
3.877655 0.132848
3.942988 -1.348972
3.949461 -1.952859
3.955857 -0.887743
3.953107 -1.396089
3.948961 -1.253643
3.976287 -0.709970
4.042824 -1.038773
4.111371 -1.269720
3.963504 -1.729541
4.182743 -1.580005
4.087276 -1.723731
4.121967 -1.427916
3.901980 0.244877
3.817181 -0.895593
4.032694 -1.388452
4.034433 -1.090414
3.829974 -0.826527
3.851413 -0.804786
4.035206 -0.774632
4.103645 -0.228872
4.135635 -1.243161
3.908174 -0.748895
4.060462 -1.437427
4.061424 -2.314476
3.996792 -1.404420
3.894813 0.002661
3.889552 -1.250736
4.074052 -0.277422
3.831793 -0.574449
3.970507 -1.422320
4.014048 0.352947
4.109297 -0.382390
3.964085 -0.361782
3.860751 -1.643208
4.034804 -1.457551
3.928034 -0.542896
4.177748 -0.151647
3.913206 -1.018654
4.017100 0.210521
4.204242 -1.090367
4.105411 -0.492259
3.998308 -0.997619
4.047917 -0.226460
4.240275 -1.231280
4.140064 -1.022193
3.867160 -2.066540
4.018471 -0.786274
4.106485 -0.936547
3.846515 -0.626580
4.028867 -0.760857
3.993184 -1.473291
4.028837 -0.530454
3.919492 0.845660
3.817301 -1.453584
3.892757 -0.340775
4.187489 -1.408542
3.987027 -1.642354
3.904847 -1.793948
4.146786 -0.593153
4.091899 -0.976493
3.913741 -0.382202
4.107495 -1.134360
4.111040 -1.831107
3.922624 -1.140254
4.053989 -1.052162
3.962926 -0.566968
4.125080 -1.855906
3.873793 -2.303288
3.959147 -0.675550
4.082079 -1.549101
3.992047 -1.347029
4.057639 -0.610821
4.173755 -0.987037
3.957364 -0.883381
3.890418 -0.162571
4.156229 -0.246291
3.956260 -0.997460
4.031828 -1.375949
3.941804 -1.844136
3.843120 -0.776721
3.905266 0.635593
4.131224 -0.259604
3.958486 -0.840931
3.984982 -1.776326
4.030004 -1.866815
4.117682 -1.374784
4.015240 -3.646122
3.974151 -0.704862
3.914753 -0.120717
4.058282 -0.921805
3.791169 -1.231283
3.882502 -0.043358
