-5.228805 1.199051
-6.174935 2.749339
-10.455348 3.825090
-6.699250 3.272760
-11.927916 2.631300
-6.271414 3.041191
-5.078476 0.489226
-6.525183 3.330051
-9.693521 3.875497
-12.922022 0.382249
-11.204033 3.262397
-11.551651 3.126555
-9.761601 4.059688
-9.422199 4.014427
-12.770388 1.551708
-7.640377 3.895054
-8.476262 3.952619
-5.750637 2.491895
-11.883309 2.754467
-9.615341 4.164782
-7.255968 3.628671
-11.329073 3.184653
-5.223721 1.349134
-5.074137 0.081545
-10.157911 3.669216
-10.934706 3.540898
-10.000629 3.896867
-12.903806 1.134804
-10.622558 3.563493
-9.314409 3.906858
-6.291997 2.876896
-5.150849 0.624168
-11.842796 3.184969
-5.488757 1.992431
-6.495719 3.034854
-6.227469 2.941824
-9.607794 4.077907
-9.525904 4.033620
-12.218128 2.526930
-12.713144 1.612287
-12.023212 2.382684
-12.905926 0.376303
-5.536442 2.205192
-12.885963 0.860941
-5.014515 0.569159
-6.049312 2.782169
-5.103650 0.108420
-11.063136 3.449047
-12.780932 1.165595
-9.868931 3.753313
-5.432928 1.895291
-9.029122 3.915484
-9.834128 3.860633
-5.790691 2.155665
-6.933037 3.353942
-11.538724 3.147767
-9.688072 4.099812
-5.495031 1.680106
-7.519075 3.752907
-7.706293 3.840283
-9.979975 3.985689
-4.881675 0.251330
-9.938590 3.774464
-12.915593 0.846918
-5.107150 1.358461
-11.701775 3.023155
-13.122258 0.382838
-10.382573 3.882845
-11.695666 3.265479
-6.829090 3.042988
-8.490742 3.933990
-5.078926 0.596168
-7.640415 3.610110
-7.338362 3.581157
-6.436434 3.253635
-12.359971 2.181299
-8.365948 4.046687
-12.418592 2.376527
-12.139006 2.432132
-6.504869 3.073810
-5.220444 0.823777
-5.086731 0.682097
-10.644971 3.567551
-8.062658 3.866063
-12.803558 1.163181
-7.991374 3.795430
-5.560737 1.807990
-9.496590 3.930989
-12.923570 0.785684
-10.894139 3.421071
-7.688813 3.816257
-6.262478 2.896701
-12.528892 1.827314
-13.030377 0.702682
-7.405601 3.918676
-5.006142 0.856970
-5.579288 2.194770
-9.943025 3.887734
-5.652062 2.212534
-6.527352 3.217846
-5.083764 -1.444797
-8.326047 1.584632
-2.566962 -0.930406
-2.125402 -0.690728
-0.682276 1.506347
-2.636884 -0.887182
-2.209154 -0.868489
-0.997390 0.766639
-4.913095 -1.582658
-5.015827 -1.431968
-1.244693 0.228961
-0.980553 0.339738
-7.826813 0.232431
-8.446900 2.180972
-8.355070 1.804509
-8.056854 0.786030
-7.968189 0.427999
-2.926838 -1.269621
-8.487597 2.129188
-4.842966 -1.435793
-2.355406 -0.916166
-8.305517 1.064898
-7.418417 -0.173441
-7.049526 -0.767299
-7.894014 0.452912
-6.651087 -0.978437
-1.177213 0.103515
-6.858197 -0.737938
-1.459724 -0.086322
-3.825505 -1.531162
-3.846938 -1.263392
-1.846420 -0.497585
-1.464390 -0.115421
-0.657699 1.262856
-8.048775 0.854965
-1.420764 0.174049
-7.593972 0.405664
-8.537725 2.131445
-8.283217 0.899595
-8.111554 0.886560
-8.398258 0.837576
-0.645224 1.704995
-7.028951 -0.427896
-0.579015 1.786182
-2.813493 -1.138741
-0.753630 0.914045
-6.127187 -1.167321
-7.392053 -0.151596
-7.700464 0.364161
-3.936704 -1.400870
-7.187731 -0.275555
-6.832999 -0.837847
-8.484878 2.305194
-3.464674 -1.171516
-0.491333 2.026288
-1.019010 0.724248
-8.633751 2.396861
-2.862977 -1.155399
-6.220979 -1.136226
-8.172200 1.124775
-3.981783 -1.519030
-5.539938 -1.369172
-4.284077 -1.515816
-0.783259 1.110524
-8.124847 0.661705
-5.265423 -1.177263
-8.447678 1.759288
-5.998727 -1.321436
-1.939695 -0.548388
-8.377982 1.305387
-2.524163 -0.909284
-6.897895 -0.723135
-3.298916 -1.254148
-8.155119 0.610757
-5.303527 -1.466423
-8.634309 2.335191
-7.505409 -0.133273
-7.200289 -0.442962
-4.355839 -1.528752
-7.734067 -0.092393
-6.248278 -0.829945
-1.808771 -0.228397
-5.606172 -1.475655
-8.625257 1.769973
-5.847684 -1.244375
-4.831142 -1.622102
-0.902182 0.300237
-6.824919 -0.778241
-1.149286 0.399912
-3.690265 -1.368443
-8.416526 1.824295
-7.292729 -0.474220
-3.399573 -1.327902
-4.767465 -1.695213
-7.718441 0.182448
-7.372018 -0.180289
-1.374421 -0.082506
-3.050508 -1.253368
-8.138505 0.729847
-2.119442 -0.449862
-2.371914 3.177310
0.488893 3.958373
1.705459 3.754266
2.512746 3.042546
3.687450 0.900049
0.670049 3.812682
3.495352 2.004006
1.244261 3.778842
-4.142769 1.055575
-0.137364 3.856046
-3.831867 1.059386
3.838182 1.140428
-3.861693 0.084486
3.920840 1.225565
2.256716 3.392332
-3.245190 2.593614
-1.286457 3.860022
0.389639 3.624098
2.312798 3.144309
3.683492 1.637771
2.352654 3.133625
3.488893 2.013735
2.170346 3.352112
3.712683 1.334536
-3.462131 2.016964
-4.035175 0.361074
3.184326 2.605304
-2.358580 3.119284
3.913245 0.482044
-1.403365 3.668684
-2.072300 3.520097
4.128903 0.484763
4.105347 0.043009
3.726907 1.789122
-3.654710 1.686161
2.535998 2.988943
-0.404347 4.047829
-0.291056 4.162474
-0.854003 3.959557
2.049809 3.542638
1.033203 3.704257
1.078572 3.911111
-3.979526 0.201182
3.988798 0.731583
1.318083 3.911571
-3.120078 2.399514
-1.210286 3.970218
2.199739 3.227280
-3.815057 1.215741
3.859418 1.162498
2.211058 3.460645
-3.720120 1.379578
-1.854247 3.438288
-2.268610 3.465078
0.329971 4.022754
3.439789 1.635094
-3.984168 0.619169
-3.572500 1.380469
0.796564 4.000559
-3.594741 2.051051
2.078914 3.395913
1.579079 3.576038
-3.295606 2.477011
3.758297 1.212127
-3.873284 0.591265
3.873781 0.017938
2.309727 3.084248
3.981004 0.610731
0.709736 3.902817
-3.221716 2.501510
-3.847821 1.071891
-0.414940 3.957337
-3.125358 2.210113
-0.767171 3.846699
-2.843609 2.827992
3.955522 0.114734
0.300763 4.116532
2.696130 2.701718
2.259639 3.278628
-3.989853 0.415771
3.112563 2.395680
-0.257855 4.002904
3.163301 2.711114
-0.816165 3.808490
-3.964846 0.022875
3.531742 1.552956
-4.031577 0.577958
3.589306 1.471932
3.263117 2.161684
-1.839899 3.711251
3.755852 1.599716
3.797029 0.991720
-1.967253 3.599095
3.919525 0.338213
-4.006257 0.186662
-0.515599 4.151542
1.631390 3.898108
-2.392279 3.150309
-3.942574 0.657352
1.483412 3.826429
2.421929 -1.046215
3.639149 -1.443873
7.098879 -0.684011
8.387661 1.452351
8.245662 1.151851
0.693421 0.785494
0.853319 1.057333
8.337792 1.165149
6.443981 -1.225554
0.572985 2.000417
4.560201 -1.563018
8.312326 1.187432
3.106903 -1.212398
2.069012 -0.676076
1.487522 -0.224522
1.082982 0.001803
2.998526 -1.302969
5.666479 -1.300612
1.970806 -0.339650
6.010340 -1.230783
7.790801 0.180497
0.786454 1.241963
7.204646 -0.582619
6.317751 -1.106939
4.177169 -1.545831
8.363944 1.673348
0.747472 1.326915
5.711070 -1.263184
1.611845 -0.104310
0.572597 2.099746
5.511091 -1.445181
7.820067 0.704522
5.179682 -1.261895
8.006848 0.570415
1.274629 0.079079
5.951872 -1.125190
1.037202 0.392618
1.966495 -0.756443
0.438497 2.263644
6.773840 -0.598932
8.382549 1.911187
7.259425 -0.276655
7.363115 -0.244580
5.018517 -1.398541
2.023556 -0.533318
1.489192 -0.415381
2.032690 -0.605980
8.458062 2.039530
1.483902 -0.170780
4.947657 -1.300504
1.392616 0.166784
3.667391 -1.460412
0.860924 0.756591
3.020280 -1.090974
7.777556 0.015886
7.822528 0.284721
8.332204 1.305107
5.007399 -1.478705
7.816612 0.363851
6.824357 -0.527520
0.549764 1.960459
1.053469 0.798842
1.539677 -0.165526
1.627599 -0.313471
1.041811 0.450685
1.644473 -0.099262
1.882848 -0.573295
8.334211 1.912543
2.635204 -1.067143
2.085852 -0.764673
3.269674 -1.473735
2.291038 -0.585758
7.452609 -0.319998
2.800887 -1.103270
0.810958 0.973312
5.919282 -1.179521
2.735841 -1.116022
2.841158 -1.111373
0.652683 1.659187
8.107470 0.900571
3.964322 -1.526149
0.570615 1.522423
8.428069 1.290504
1.943775 -0.623682
5.895591 -1.233072
6.392019 -0.894485
1.238649 0.130104
8.438021 2.002339
6.493973 -0.993104
5.028850 -1.553101
8.120686 0.919245
5.204451 -1.388479
0.534896 2.233047
4.281309 -1.515309
7.961771 0.115218
7.142467 -0.385598
5.430986 -1.527799
0.523128 2.387716
7.089869 -0.665274
3.866202 -1.455515
12.992831 0.459548
13.045776 0.820444
11.133908 3.430782
12.455889 1.103455
12.299490 1.951937
10.542553 3.600692
12.840710 0.482273
6.546539 3.178606
7.275118 3.625821
12.357508 2.043882
13.038716 0.798761
10.133435 3.753808
9.459123 3.938772
12.162540 2.338566
5.413454 1.558062
7.786919 3.817350
12.850499 0.278874
5.227681 1.233220
9.601375 4.038502
13.013751 0.739899
12.595282 1.246980
4.959378 0.019989
5.389373 1.612168
7.567729 3.782996
13.002828 0.339645
11.099750 3.367370
9.454068 3.972804
12.865897 1.242923
8.099255 3.971744
11.041615 3.352265
9.599065 3.820583
8.041654 3.840324
12.989129 0.955642
12.968996 0.722840
11.364470 3.275063
8.730272 3.946540
8.242070 3.849529
12.053178 2.895319
5.159553 1.080251
5.587466 2.080391
9.688593 3.912497
4.999389 0.225682
8.034119 3.848699
11.886035 2.616550
5.646691 2.269825
9.631872 4.095522
11.841775 2.841224
5.112821 0.547777
12.610088 1.735638
8.838139 4.098836
4.837927 0.368049
7.266002 3.448014
7.585950 3.753905
9.376682 3.938700
8.019101 3.934016
5.138014 1.104753
10.494238 3.646891
11.874665 2.514600
9.922905 3.767180
11.571595 2.984201
9.688348 3.912539
7.394265 3.791574
8.572002 3.917231
10.421802 3.778556
5.228462 1.583781
11.361190 3.257399
10.238332 3.812406
8.780793 3.932841
13.007338 0.788275
12.110755 2.766337
12.770365 1.472087
12.838199 1.230863
5.213153 1.359648
13.080850 0.429637
5.529580 1.921604
8.909861 3.947752
12.797275 1.417399
9.119126 3.967564
7.743196 3.891254
12.699869 1.077636
4.877030 0.282498
7.184105 3.481863
9.490121 3.993894
5.403404 1.640848
11.760548 2.992545
5.716886 2.026637
10.992613 3.344704
4.907351 0.763398
11.810059 2.707909
5.105459 0.527959
8.863784 4.003915
8.210115 3.839726
4.986112 0.079250
5.902946 2.713452
11.212452 3.340666
13.103844 0.754460
12.818131 0.532070
5.694714 2.201859
10.067084 3.764271
10.436848 3.772483
