0.340051 -0.949445
1.159851 -1.599872
-1.428620 -0.739750
0.545286 -0.571842
0.201605 -0.457522
-0.827055 -1.437127
-0.274228 -0.715789
0.216695 -0.936354
2.263177 -0.477547
1.751546 -0.660904
-0.853743 -0.432125
1.919454 -1.083445
0.458786 -1.093098
-0.039879 -0.362628
0.452043 -2.343118
-0.129632 -1.319128
-0.078516 -1.803594
0.942167 -1.241968
0.891152 -0.589739
0.896311 -0.477764
0.424692 -1.641907
-0.763682 -1.297931
0.453622 -0.913338
1.031051 -1.184591
0.309204 -0.809113
0.654397 -0.747061
0.459723 -1.588159
-0.191913 -1.111837
0.185861 -2.348455
-0.497921 -0.275610
0.561871 -1.397872
-0.725471 -1.761382
-0.676013 -1.160609
-0.511972 -1.903556
-1.862129 -1.013192
0.909712 -1.354596
0.205669 0.377348
-0.477459 -0.279971
0.866653 -2.579170
-1.082458 -0.720880
-0.064664 -1.884260
-0.152705 -1.161311
0.201884 -0.896022
0.197869 -0.527091
-0.546998 -1.172690
-0.019006 -0.003060
-0.104279 -1.304171
0.396997 -0.792863
0.691442 -0.579585
0.701566 -0.946122
-0.546222 -0.442837
0.048926 -0.795582
-0.767875 -1.495938
-0.704240 -2.141818
-0.004332 0.175477
0.969321 -1.382338
-0.486779 -0.934630
0.234881 -0.643822
-0.142672 -0.928155
0.706678 -1.572199
-0.688785 -1.295809
0.020591 -1.078987
0.349449 -0.064625
0.696087 -1.544428
0.976645 -0.503732
0.054348 -0.804810
-0.943365 -1.147906
-0.469473 -1.668488
-0.671403 -1.179707
1.486560 -1.054828
-0.389341 -1.929327
0.473125 -0.878453
-0.121696 -1.520064
0.562007 -1.059603
-0.483733 -0.787360
-0.886873 -1.572153
-0.899590 -1.182309
0.308761 -0.778601
-0.112182 -2.161099
-0.123995 -0.344791
0.897651 0.533364
0.184414 -0.393222
0.125107 -1.199712
1.004149 -0.728915
-0.508789 -1.655214
0.440584 0.187666
0.528156 -0.405046
-0.154139 -0.502039
0.136402 -1.553952
-0.737344 -0.797646
-0.726029 -1.353096
0.066329 -1.196965
0.456794 -1.360506
1.635208 -1.648731
-0.421779 -1.574741
0.118479 -1.132751
-0.052174 -2.074456
-1.222551 -0.615720
-0.277627 -1.074502
-1.135055 -0.557812
0.531500 -0.829459
-0.561641 -0.687385
0.063304 -1.938008
-0.344390 -1.645272
0.191963 -1.282704
-0.379680 -0.930646
0.309881 -0.286124
0.467614 -1.183389
1.082693 -0.202125
-0.122775 -0.699315
-1.352415 -0.257423
-0.531003 -0.919712
0.856721 -1.415407
-0.678091 -1.936919
0.607761 -0.901660
0.078456 -0.482303
0.908647 -1.185049
-1.240182 -1.342023
-0.125035 -1.195202
-0.763909 -1.693546
1.839186 -1.311807
0.521914 -1.114310
0.872138 -0.971008
-0.669252 -1.040340
-0.296379 -0.613358
-0.172325 -0.930861
0.694705 0.147284
-0.175742 -0.802659
0.443694 0.141262
-1.297683 -1.457342
-0.223794 -0.666982
-0.520882 -1.164597
-0.997418 -0.620437
0.321271 -0.624365
0.178342 -2.382561
0.021175 -1.839296
-0.843492 -1.911377
0.713089 -0.745851
0.221473 -0.070163
-0.189146 -1.206695
0.014477 -0.486242
-0.165700 -0.654970
-1.106931 -1.665111
-0.180662 -0.748620
-0.525802 -1.475540
-0.619304 -0.041029
-0.731373 -1.020597
-0.337451 0.034697
-1.266578 -1.268831
0.609832 -0.627210
0.328915 -1.039713
-0.012667 -2.278799
-0.021991 -1.621155
-0.504803 -0.612614
0.644273 -1.034713
-0.084254 -1.707548
-0.451909 -1.396157
0.854691 -0.842191
-0.142158 -1.628040
-0.372535 -0.383387
-0.185786 -1.405220
-0.536276 0.144025
-0.708431 -1.682967
1.597582 -0.874022
1.047029 -1.961982
0.194502 -1.457665
-0.795071 -1.375204
-0.547370 -0.746173
-0.111650 -0.404143
0.500535 -0.809956
-0.842434 -1.235951
-1.473537 -0.484240
-0.916490 -0.494740
0.210931 -0.923976
0.247514 -0.638711
0.285667 -0.738925
-0.082399 -1.624210
0.116175 -0.519607
-0.301146 -1.415651
0.545190 -1.381952
-0.861211 -0.888089
0.287786 -1.194482
-0.536771 -1.083371
-0.211801 -0.623463
0.349611 -0.337925
0.657179 -1.125200
-0.706857 -0.792758
0.797311 -1.150715
0.417511 -0.854790
-0.042922 -0.721721
-0.123469 -1.390140
-0.137626 -0.826178
-0.191702 -0.619830
0.014575 -0.941619
0.032439 0.094048
0.522448 -1.384886
0.965745 -1.466158
0.295303 -2.106721
-0.132634 -0.424160
0.395405 -0.451609
0.115883 -1.050529
-0.651282 -0.431754
0.600341 -0.883816
0.194203 -0.816088
0.085492 -0.928567
0.325870 -0.721750
0.165328 -0.935703
-0.595448 0.762866
-0.102671 -1.737864
-0.092373 -2.172762
-0.336474 -1.721430
1.063856 -1.691491
-0.553860 -1.274239
-0.305992 -1.106550
-0.450311 -1.138213
-0.742637 -0.657630
-0.121583 -0.753806
-0.173337 -0.524881
0.967703 0.124668
-0.157497 -0.226467
-0.673068 -1.811602
1.014115 -2.472960
0.780880 -0.429568
-0.145229 -2.160960
-0.952579 -0.957779
-0.281207 -0.977561
-0.098626 0.408585
0.174601 -1.043775
-0.165174 -1.320859
0.280445 -0.850861
0.247856 -0.844539
-0.790999 -0.955700
-0.599543 -1.384900
-0.468717 -1.773236
-0.321172 -0.799828
-0.202750 -1.849305
0.007886 -1.652811
-1.915820 -0.158065
-0.289041 -1.264938
0.785793 -1.088747
-0.674641 -0.430902
0.590542 -1.189807
0.221562 -0.348972
-0.018345 -1.218239
0.115393 -0.359448
-0.989828 -0.601974
-0.053467 -1.134723
1.014425 -1.547515
0.062201 -1.659720
0.026167 -1.170807
-0.464329 -1.277105
-0.019488 -1.258468
0.146949 -0.377951
0.269671 -1.188280
-0.235785 -0.276674
-0.149547 -1.336226
1.279894 -0.384895
-1.428308 -1.330300
1.410025 -0.888322
0.213494 -0.386051
0.632494 -1.261819
-1.052510 -1.277187
-0.373171 0.267055
-0.175863 -0.398539
0.267349 -1.273223
-1.056328 -0.589574
0.298288 -1.227732
-0.767072 -0.553559
0.041862 -0.104538
0.412586 -2.014785
0.206851 -0.349296
0.684718 -0.077900
0.636299 -0.969976
-0.411670 0.104430
0.162577 -0.901724
-0.597277 -1.782423
-0.835972 -2.387288
0.584911 -1.210865
0.000032 -0.548716
-0.034734 -0.799254
0.576247 -0.738410
0.376048 -1.364981
0.221487 -0.908925
0.790728 -2.036383
0.588050 -1.480723
0.151640 -1.517850
-0.436623 -0.671295
-0.412079 -1.008956
0.753951 -1.730821
-1.019411 -1.006024
-0.015471 -1.436274
-1.232559 -1.421658
0.645420 -0.453464
0.544997 -0.928267
0.000735 -0.748053
-0.044801 -0.440928
-1.572464 -0.885995
0.367566 -0.651609
-1.386618 -0.568055
-1.466842 -0.259642
6.475861 5.410114
7.412233 6.002716
6.022608 5.593174
5.952131 4.322669
7.701335 5.771729
5.490288 4.630750
5.997145 5.517417
6.919867 5.477938
6.149809 4.583150
7.404933 6.199348
7.034122 5.217399
6.291570 5.269973
5.222301 4.661157
6.566696 5.604936
4.617379 2.923420
6.244475 4.986032
6.808439 5.595942
6.213042 5.982260
6.879677 6.190484
8.038876 6.810108
6.923932 6.402277
6.266917 4.784836
6.641662 5.425689
6.425485 5.998658
4.685276 4.471622
5.583589 4.943593
7.224688 6.316133
5.956416 4.705288
6.582423 5.848875
4.993500 3.733166
6.064517 5.308493
6.600292 5.663115
4.638485 4.271249
6.347593 5.127202
5.818157 5.113628
5.060465 4.500157
5.962467 4.574627
4.103696 3.361432
3.872023 3.781048
4.823077 3.989780
5.009468 3.973995
4.826968 4.143324
4.274572 3.327201
6.288228 5.452567
4.405816 3.506492
6.110219 5.091208
6.787067 5.909213
5.997773 5.591815
6.093109 5.280765
5.621843 5.378172
4.517324 2.781449
5.956181 4.764737
6.960825 5.967610
7.738245 6.200377
5.569794 4.056638
4.372677 3.804369
6.166347 5.416783
6.376266 5.464778
5.773050 4.968059
4.851088 3.586509
8.024333 6.604962
3.640476 2.829932
5.490028 4.241207
4.678374 3.955200
5.363872 5.458462
6.317851 5.075867
6.138048 5.406459
5.289265 3.909443
6.777004 6.283201
6.622394 5.137716
6.647381 5.673620
5.574368 4.347293
7.048581 6.166905
6.660707 5.599586
8.508772 7.238721
7.063460 7.242593
7.156922 5.766599
6.052979 5.027247
4.711614 5.009956
5.628779 4.166070
5.242208 4.559034
5.436031 4.023211
6.555139 5.948870
5.443222 4.641667
5.104887 4.478653
5.590672 4.510052
5.839113 4.962078
6.409334 6.010255
5.047364 3.150934
6.317317 4.573651
6.078020 5.251317
7.324385 5.906540
5.786830 4.678971
5.865521 4.226477
4.828644 3.551372
4.614737 3.577085
6.310508 4.963089
5.750511 4.397768
6.503744 5.269491
5.107339 3.785706
7.908512 7.302575
6.122231 4.679159
7.047033 6.734753
5.773080 4.632559
5.837498 4.220949
6.690052 5.351370
6.555757 5.907521
4.879745 4.452039
4.467307 3.690418
4.902132 4.137194
4.584227 4.001681
6.059571 4.417632
5.588749 4.376313
5.631989 3.871047
4.639037 3.579374
6.779567 6.115390
6.439411 5.708195
5.910378 5.916581
7.021180 5.991737
5.126021 3.273426
6.414700 6.109622
6.348441 5.872530
6.349254 5.060366
5.270753 4.440713
6.326840 5.633911
5.485118 4.704296
5.103554 4.496738
4.796732 3.867927
7.037816 5.917111
5.154056 4.277047
5.827086 4.500174
4.791348 4.532467
5.702873 4.735346
2.767962 2.390396
4.913041 3.649080
4.573564 3.247523
4.985549 4.047343
5.786733 4.697879
5.674652 5.227999
7.944398 7.014135
5.428227 4.721009
5.749968 4.145136
4.430685 3.165808
5.522617 4.658428
4.662023 3.644185
6.030299 5.589605
6.853087 6.352373
6.404253 5.110664
5.299380 4.750905
4.369457 4.140774
7.460013 6.453926
8.050043 7.552654
6.120501 5.571554
5.010098 4.202415
7.197771 6.460184
5.407344 4.551349
5.530191 4.396324
6.886377 5.953988
4.614780 3.769091
4.043246 3.079982
6.420684 6.150585
6.400738 5.457115
6.095142 6.275772
6.496684 5.317920
7.082241 6.219987
6.970448 6.563251
5.431430 5.677931
6.809972 5.861295
6.173247 4.811457
5.494457 4.895197
4.806694 3.350693
6.646971 5.462907
5.646377 4.800244
6.046435 5.691072
5.207052 4.912783
4.449486 3.592523
6.171586 5.557160
5.937861 4.804032
7.199028 6.367303
6.801704 6.556391
7.053305 6.016304
5.251123 4.195010
5.063674 3.939346
4.730913 4.170125
6.497981 6.031093
8.789081 8.436735
6.727572 5.678373
5.226936 4.375308
6.836634 5.477180
4.871670 4.687154
4.575530 3.685090
6.717442 5.439419
5.222094 5.251974
6.315986 5.637406
7.406535 6.578128
6.401125 4.922694
6.929660 6.025865
4.394198 3.781503
6.661536 5.119284
8.138502 6.826231
6.541139 5.310524
4.459123 3.843299
5.796857 4.378247
5.500035 5.024727
6.383024 6.122730
6.412035 5.238428
6.405493 5.361153
5.636219 4.893434
5.400728 4.985141
5.410411 4.696912
6.853541 5.941255
4.146992 3.121840
5.792697 4.712520
6.270378 5.510709
5.347229 5.146044
6.477227 5.677262
5.928680 4.410116
5.061699 4.344295
6.161364 5.105073
5.731817 4.652254
5.590127 4.535572
5.288677 3.976328
6.061445 4.915466
4.153871 2.996565
5.601667 4.482417
5.456452 4.561924
5.088101 4.255284
6.652699 5.493426
5.265729 4.272634
6.540633 5.501254
6.975841 6.078017
5.843130 5.417467
6.277799 5.520310
6.639517 5.450607
5.919022 5.187789
6.540870 5.379758
4.737435 3.087486
7.110424 4.976244
5.010437 3.362455
4.171164 3.250686
7.384499 5.975960
5.937273 4.629635
6.448921 5.421751
5.636742 4.385824
4.979417 3.806640
2.927011 2.500040
6.626279 5.904663
5.713315 5.804066
5.802657 4.954208
6.405605 5.390466
4.580652 3.472327
5.270555 4.258408
7.147328 6.010569
6.597865 4.772754
4.718719 3.734667
3.796736 3.343780
5.428754 4.237088
6.213996 5.408028
6.942377 6.280298
6.093725 5.553867
4.877688 4.328537
6.306158 4.290500
4.827665 3.698893
5.039033 4.528081
5.346265 4.583674
4.770606 3.895662
5.729035 4.946580
5.100050 4.682632
5.714314 4.809910
5.537578 4.253143
5.590215 4.552662
5.496461 4.456242
7.233297 6.500850
6.610305 5.728995
6.059072 5.291823
4.533053 3.744188
4.374197 3.378868
4.035248 3.258374
8.605196 7.439136
6.972375 5.265710
6.256981 5.309251
5.025760 4.527508
4.853636 3.920247
6.547640 6.178268
7.565084 6.652888
4.306656 3.292767
5.550603 4.528439
5.915708 4.804181
4.008003 3.312305
6.841246 6.086081
5.585341 4.499566
7.912181 6.920794
5.609101 5.413304
6.409182 5.774291
4.857572 4.331539
5.375136 4.082456
4.831277 3.715295
6.392575 5.459044
7.301840 6.127784
5.406358 3.757380
6.436375 4.732616
5.495638 4.993379
6.102108 4.761437
7.196251 6.982555
6.120283 4.139713
4.963157 4.262452
5.142897 4.228880
5.830126 4.517476
5.808332 5.003740
5.134185 3.874734
6.180664 5.537369
7.266528 6.169023
5.748831 4.059355
5.795430 3.758963
3.798478 2.894912
5.225487 4.802384
4.606727 3.825025
5.613765 4.676036
6.525586 5.772813
7.523269 5.763570
7.798494 7.239948
5.883116 4.505183
5.679804 4.728285
6.817516 5.577288
6.490159 5.506333
6.765251 4.841130
6.778279 6.364702
4.519695 3.905638
6.540364 6.362435
5.908461 5.535127
5.239748 4.320777
5.306405 3.966442
7.281458 5.395339
5.190262 4.278634
4.763182 3.982393
6.214686 5.649080
8.010772 6.395171
6.025554 5.369443
6.308299 5.308605
5.061753 3.818335
7.674216 6.844244
6.124988 5.228286
6.530101 5.374611
5.047932 4.961431
6.854043 6.034200
6.389146 5.302164
4.843999 4.080540
6.039740 5.073709
5.549401 4.670129
6.109248 5.296039
5.749447 4.511435
5.810098 4.481674
4.967086 4.227581
5.676708 5.530730
6.766527 5.556134
7.744673 6.128770
4.839480 3.851552
8.377412 6.928694
7.526078 6.230784
6.168508 5.358930
5.698793 4.672246
5.301346 4.112139
6.832771 5.556060
5.305395 3.798378
5.538117 4.209649
6.883617 5.179342
6.435944 5.167437
6.896747 5.334089
6.504732 5.146016
5.599103 4.507704
5.486152 4.014277
6.796368 5.708291
5.328810 4.544293
7.186659 5.648130
6.790702 6.197179
6.287721 4.567582
6.003226 4.832124
6.365617 4.681896
9.526678 8.023791
5.887563 4.321725
4.443406 3.348501
7.915102 6.400725
6.609846 5.032331
5.352088 3.516828
8.617335 7.601905
6.550950 6.367697
6.294204 6.233909
5.222156 4.085405
4.935070 4.021511
4.231586 3.205413
5.577080 4.652477
4.946898 3.651725
6.647755 4.746304
5.682372 4.698249
7.768992 6.058072
7.510582 5.530272
6.164010 6.182520
5.717236 4.643800
7.152166 6.212997
4.853492 4.487928
6.673699 4.871959
5.330887 4.577886
5.599677 4.858415
5.328198 4.431585
6.575629 5.586849
5.221906 4.069591
4.936439 4.357970
6.552978 5.127199
5.576571 4.271778
6.361587 5.641596
5.648111 5.418447
6.269541 5.074161
3.435551 2.471837
6.465864 5.597153
7.853561 7.135634
7.039289 6.357294
6.910897 5.937561
5.760269 4.507710
6.180998 5.437406
6.244250 5.185287
6.096393 5.686952
5.169532 3.638753
5.647748 4.744534
5.825225 5.404878
5.519347 4.351674
6.836837 5.480798
8.538349 6.877553
4.676666 3.687506
6.128340 5.028099
4.557621 3.761463
7.302508 5.787215
7.409912 6.304898
4.337457 3.240488
7.943684 6.588591
4.915302 3.658421
6.226819 5.081009
7.098929 7.545106
6.147189 6.617779
8.295666 7.566029
8.752558 7.820460
6.138318 4.567359
4.092934 3.028822
5.635007 4.401514
5.151890 4.470033
5.235247 4.522251
4.872305 4.032358
6.078189 4.922043
8.106630 6.492399
5.284153 4.358057
5.719484 5.244080
7.166475 6.236110
7.212821 6.170449
6.485541 5.723576
7.026016 6.178082
6.870726 5.079059
5.618242 4.664601
6.428893 5.200332
5.700869 3.844171
5.100131 3.611016
6.634745 5.431836
6.067454 5.420505
5.812879 4.731645
6.291727 5.376867
6.987695 5.497505
6.392935 4.413295
6.194551 5.216034
6.279785 4.837196
6.051220 5.557218
5.225534 5.059291
6.786782 5.546085
7.408907 6.787974
5.465901 4.934997
7.927758 6.118179
5.823752 4.826838
5.756250 4.894443
5.102399 4.420127
5.207663 4.581901
5.047025 4.436285
6.353905 5.614222
7.597026 6.301073
6.527470 5.640032
6.854202 4.786766
7.341847 5.698390
3.500467 3.274345
5.832441 4.561187
6.353015 5.460493
6.717254 6.302906
4.695148 3.438167
4.994131 3.676575
6.790683 5.496844
5.883429 5.087338
6.553090 5.408526
5.039355 3.709204
4.366198 2.843946
6.761200 5.523687
7.193307 5.977581
7.632057 6.235558
4.467810 3.506838
4.663148 3.319353
4.526154 3.912943
-7.174621 5.296171
-4.855385 6.200783
-4.330967 6.090173
-5.848829 4.641297
-5.057090 4.870072
-4.708214 5.733738
-5.614619 5.120332
-5.013643 6.136331
-4.587887 4.313227
-5.937150 5.471683
-4.164843 5.288342
-3.905462 6.391855
-4.678819 3.654498
-4.984887 5.000747
-6.164493 5.053495
-4.505159 2.658095
-6.215849 6.248095
-3.409212 7.809232
-4.473525 4.767815
-4.735181 5.287032
-5.393598 4.535396
-7.176310 5.384318
-6.195654 4.620172
-4.634672 4.898222
-2.587557 6.618151
-4.259753 4.152770
-4.690254 4.424117
-5.541987 4.924087
-4.877717 4.867528
-4.037721 6.439310
-5.253975 7.031263
-3.108244 4.021798
-6.220254 4.358976
-5.376237 5.520476
-4.947571 4.619300
-6.953934 6.992852
-4.434579 6.635870
-4.922206 5.559019
-4.919299 5.563638
-4.205292 4.661603
-3.956311 5.763647
-4.197815 6.127442
-5.468824 5.141571
-5.046592 6.928134
-4.646547 5.670638
-6.256801 4.889889
-6.036031 5.370962
-5.426963 6.096595
-4.922331 4.601837
-3.209070 4.914537
-4.202737 7.373287
-5.442501 4.526079
-5.629091 5.946341
-3.466204 5.818162
-2.266460 6.588971
-4.832561 5.526012
-5.478865 2.534802
-6.412654 4.147472
-4.025012 5.511735
-4.710281 5.257775
-3.834592 6.962447
-5.908706 6.406315
-4.759425 5.496834
-5.654046 5.082831
-3.725045 3.451522
-5.551191 6.863160
-5.087409 5.134027
-5.347820 3.453997
-4.006037 5.433282
-4.571564 5.102954
-6.004185 4.429654
-5.632688 5.493062
-6.045710 4.292487
-4.494293 3.651975
-4.668046 3.245698
-6.635413 4.636191
-6.906840 4.372906
-5.040399 5.440150
-4.302807 3.497359
-4.831197 4.791765
-6.543796 3.494875
-6.551802 6.809741
-4.132922 4.883027
-5.145373 6.226209
-5.386242 5.494943
-3.683796 5.908595
-5.796464 3.845781
-4.864559 6.257556
-4.582194 6.452532
-4.180120 2.923189
-5.854353 4.823512
-4.642681 4.347918
-2.251533 5.156534
-6.512977 4.149774
-4.566021 5.279046
-5.229768 5.597094
-5.827086 5.244717
-5.831983 4.881653
-4.502100 3.710592
-2.684374 5.057564
-5.793826 4.479067
-4.459040 3.720973
-5.559061 4.943773
-3.023434 4.790320
-4.455340 5.192102
-5.137906 5.992332
-4.380124 5.576244
-5.005583 6.305784
-3.892801 4.270694
-5.185590 4.135425
-6.121418 4.905079
-4.753550 6.383214
-3.438963 6.303681
-6.196622 4.874188
-5.242345 4.403126
-3.995172 3.479354
-6.920126 5.671842
-4.374554 5.022844
-4.247040 3.822211
-4.786516 4.665422
-5.770234 3.170545
-5.007135 5.429990
-4.906813 4.826007
-4.064749 6.631242
-4.336482 3.640572
-5.350233 5.970507
-3.380123 5.143640
-5.050833 5.082604
-5.812697 5.716664
-5.438420 6.193484
-4.141390 3.928938
-4.804784 6.318902
-4.111138 3.789997
-4.930778 3.925885
-2.513179 4.327440
-6.665643 5.736462
-5.415928 3.930039
-5.084225 5.334715
-4.910748 5.411883
-3.543853 5.154120
-4.780546 5.554571
-5.114877 3.827154
-4.931398 6.007587
-4.248505 5.113520
-5.689427 5.730051
-4.549186 4.016488
-6.565025 5.052032
-5.078796 5.877599
-5.941792 6.014141
-5.652862 4.915652
-4.717471 3.146468
-6.125079 3.903179
-5.988974 5.218628
-6.515859 5.794246
-7.228510 5.463124
-5.151522 4.387370
-3.837256 7.244400
-5.181936 5.072348
-5.233954 5.865514
-6.046734 4.584304
-3.416681 3.885062
-5.249413 5.685252
-3.705981 6.037673
-4.638020 6.822212
-5.263053 4.471012
-3.917856 3.372033
-4.017566 6.617302
-5.111444 5.264137
-3.704049 3.872854
-3.218705 4.440824
-5.065615 4.191155
-5.255681 6.161004
-4.595362 5.592105
-4.648243 5.242748
-4.192489 5.240477
-5.255590 4.178500
-4.284887 5.993112
-3.951403 5.346395
-4.822451 4.738866
-4.846702 4.815287
-6.254324 4.898265
-6.172801 4.112957
-6.461442 5.741377
-6.244288 6.392208
-5.155099 7.473900
-6.614914 5.503919
-2.753935 4.177519
-4.260719 5.200982
-7.067645 3.992947
-6.154551 4.386828
-5.107192 4.341037
-6.712879 4.166771
-5.459895 5.378179
-3.909000 3.884657
-5.163880 5.667241
-5.067240 5.795333
-6.001592 6.037492
-5.555661 4.979569
-6.351556 5.618953
-4.635789 6.803064
-5.452208 5.052993
-4.216634 4.822110
-3.762763 6.772483
-3.922802 2.491196
-5.034841 4.543411
-5.503987 7.430378
-6.224019 4.528546
-4.881491 4.439672
-4.040526 3.773533
-5.340930 5.792950
-5.173318 2.890060
-4.383699 4.200605
-4.136081 5.566975
-6.416914 4.998557
-4.800048 5.623925
-4.804173 5.126441
-5.151132 5.680868
-4.107216 3.712584
-5.364190 5.218085
-5.826189 3.433433
-4.723989 5.783282
-4.540203 4.689430
-5.217507 5.655324
-4.203877 4.462533
-6.518023 5.328643
-6.074917 6.054072
-8.072166 3.020301
-4.478593 3.132612
-5.991024 3.167644
-5.253126 5.848592
-3.990735 5.405187
-4.948988 4.297544
-5.440433 6.499046
-5.848469 5.137795
-5.240371 3.413179
-4.397071 3.980854
-6.516254 3.614766
-5.068349 5.954886
-4.217607 4.398880
-6.420726 3.828109
-4.330635 4.422890
-4.316763 4.163569
-5.882136 5.852970
-6.504509 5.477331
-4.566861 5.302320
-4.191744 5.415776
-4.421062 5.042975
-4.237151 4.051147
-6.182127 5.541608
-4.416152 4.178872
-5.580010 3.928095
-5.561367 3.925908
-6.555896 5.869553
-3.899792 5.981051
-4.824942 3.241175
-3.996389 4.851904
-3.488992 5.251942
-6.137239 4.389615
-4.356982 5.760980
-5.012760 5.254430
-4.085740 4.847166
-3.892305 4.442589
-4.179529 5.677018
-5.817612 5.849297
-5.126485 5.469307
-4.735857 4.760218
-1.841472 5.920985
-3.773383 4.093119
-2.679365 5.144441
-4.585502 6.396409
-4.788168 4.810301
-4.386833 4.156164
-5.527777 6.943438
-3.758399 4.753078
-5.157631 5.441619
-6.373602 4.196389
-4.129162 5.287609
-6.568533 5.467018
-6.844253 5.004562
-4.711590 5.326090
-5.950911 6.204587
-5.910732 3.595884
-5.161949 5.205564
-5.488902 3.008804
-5.222782 5.028409
-4.727934 6.930515
-6.168531 5.941137
-6.224234 4.993076
-7.099479 4.661758
-5.390243 5.528266
-4.335718 6.056900
-5.702264 5.014741
-4.498672 6.614761
-4.459686 4.184145
-4.009249 3.002241
-4.010622 4.251809
-5.688841 4.800696
-5.856838 4.627240
-4.951610 4.152629
-5.664853 6.337238
-3.547258 3.383683
-3.620154 4.508182
-4.904864 4.030698
-5.427127 4.525892
-4.489192 4.333836
-5.656274 5.478375
-5.125017 3.958942
-5.530467 4.179341
-4.894414 5.101130
-3.871650 6.083983
-4.257522 3.145473
-3.856397 6.799753
-5.914714 4.121626
-4.820198 5.647733
-5.983348 6.049565
-4.615171 6.323093
-4.674302 4.482641
-3.703690 5.024315
-3.900771 4.837633
-4.346777 4.394339
-5.505073 5.271710
-5.475994 5.358643
-7.051561 4.647685
-5.448305 5.132360
-6.551197 7.673582
-4.070174 4.992434
-4.098060 5.710303
-4.861713 4.537461
-5.378408 4.472122
-4.856936 4.654213
-3.394961 5.564558
-3.650884 4.198461
-5.448442 3.147053
-4.831589 5.053216
-6.120497 4.563585
-4.599269 5.280007
-4.260937 5.084606
-4.099955 5.729119
-6.531218 5.900753
-4.495379 3.674362
-5.864215 3.475421
-5.376555 5.502433
-4.211990 5.306391
-4.701794 4.060840
-5.163742 6.237402
-4.393267 5.033012
-3.365501 5.123568
-5.623494 5.273939
-6.350100 5.754166
-6.162241 6.524498
-5.944279 4.738024
-5.671211 3.269316
-4.423319 6.013464
-7.085770 4.072264
-4.764036 6.243680
-5.778421 4.410511
-3.900438 6.491482
-5.855564 4.194022
-4.992442 3.887401
-5.937586 5.956940
-5.681560 3.636948
-5.260139 5.680585
-5.228795 5.437824
-5.524813 4.856732
-3.871681 4.658467
-4.449861 7.057811
-3.144853 4.625465
-5.277299 4.809797
-3.933369 4.061268
-7.099239 4.186538
-4.361516 4.416381
-4.628535 6.709525
-5.374179 4.609580
-4.304652 4.309935
-4.122371 4.551779
-3.966394 5.714376
-4.580209 3.684269
-4.398931 5.627122
-5.674018 3.668705
-6.095178 4.869152
-5.267617 3.173104
-4.813450 5.535922
-4.049055 5.692865
-5.790519 4.312450
-5.489478 5.317576
-2.025526 5.162842
-5.622585 6.159116
-3.079697 5.128388
-4.038851 6.039458
-5.557803 4.883229
-5.106555 4.351703
-5.215161 4.962019
-4.526510 4.800675
-3.634359 5.881670
-6.637804 4.943856
-2.976271 4.158761
-4.222211 4.845156
-5.548902 6.188595
-5.126011 4.585093
-4.700420 4.341383
5.695786 -2.129402
5.071579 -2.669239
4.743528 -4.347897
4.477570 -1.452128
3.953593 -3.616637
5.108450 -3.698571
4.775835 -4.423595
5.225509 -3.109632
3.970066 -3.102712
5.934678 -3.322717
5.344505 -3.839587
3.892228 -4.660551
5.747454 0.012487
4.584520 -1.499160
5.213703 -3.358992
5.155183 -3.114879
4.379018 -2.641099
2.976685 -3.012137
5.378695 -3.570360
4.758143 -2.065965
4.577250 -4.138317
5.296216 -1.042762
4.512322 -4.763229
5.474604 -3.323334
5.106701 -2.127408
4.299032 -2.882085
5.591728 -4.503055
5.335529 -2.078165
5.885415 -2.836755
4.368820 -3.814671
4.366946 -2.596290
5.221555 -2.243843
5.471664 -0.815560
5.585567 -3.093783
5.004603 -3.294206
4.833199 -3.504806
5.461614 -4.926999
6.389134 -2.478619
5.625495 -5.054411
5.059777 -3.269838
4.593757 -3.275032
5.353377 -2.154855
4.657686 -5.771181
5.168607 -2.081925
5.550305 -3.519254
5.653560 -4.293012
5.415876 -3.008718
5.974347 -2.766647
6.309000 -3.424196
3.658148 -4.469449
3.742280 -1.793580
4.347594 -2.802658
3.587252 -3.706876
4.747492 -1.783633
4.762129 -2.632830
5.177078 -4.267516
5.202347 -2.378950
4.514806 -4.795455
4.424900 -4.057839
5.561020 -2.848456
4.729924 -2.588736
4.030412 -2.929502
5.007288 -4.933027
5.144343 -2.181278
4.709361 -1.738243
5.469209 -1.832657
5.159652 -3.570330
4.849497 -3.393898
4.968863 -4.017434
5.323983 -2.749794
4.687871 -2.747875
4.254040 -3.771479
4.889985 -2.080455
5.091321 -2.147842
5.360220 -2.342874
4.978699 -3.753464
4.676594 -4.338502
5.421673 -2.347775
4.919723 -1.552783
5.570652 -4.290126
4.936500 -5.208189
4.995551 -1.563892
4.935045 -3.061672
4.348586 -1.822194
4.344546 -2.014487
4.320314 -4.218578
6.262065 -3.431878
4.858445 -3.834941
5.664971 -2.820320
5.246891 -1.833698
6.314710 -2.944014
5.655539 -5.100042
4.132406 -1.764703
4.768607 -2.997328
5.630489 -3.459537
5.203778 -5.103177
6.601735 -2.626078
4.966136 -2.754819
3.902666 -2.661421
5.314014 -4.078065
4.355247 -3.730162
5.034956 -3.916327
5.762294 -1.212447
5.217915 -3.820404
5.211876 -3.196711
4.860545 -3.890144
4.896464 -2.089251
4.927118 -3.012265
3.020821 -2.927186
5.278088 -2.060584
5.700210 -2.324763
4.082435 -2.214031
3.923806 -5.132741
5.439121 -2.780070
3.934021 -2.033714
3.812483 -2.650006
5.557890 -2.098185
4.537353 -0.878812
5.880279 -1.751413
4.086231 -4.123186
4.565587 -3.830085
5.170904 -3.121779
5.388449 -3.642591
5.330667 -3.078950
5.135381 -1.771887
4.837503 -3.531366
4.590432 -3.286105
5.339751 -3.227606
4.726468 -2.325477
5.298127 -1.963160
5.769124 -3.149463
3.409482 -3.317081
6.275960 -2.066405
4.553066 -2.276716
5.930877 -2.511815
6.097141 0.266199
3.961325 -2.968299
5.125114 -2.658725
7.451016 -3.083531
4.848236 -2.383579
5.343854 -3.524999
5.233971 -1.992293
5.896542 -1.170898
5.771110 -2.914712
4.330758 -3.068325
4.689934 -3.563465
5.242694 -3.473574
4.958703 -4.703535
6.792498 -3.053720
5.310169 -3.881344
5.309372 -1.744109
4.407674 -2.844158
4.075456 -2.945067
5.561544 -1.601448
4.860513 -4.775648
5.459020 -2.670346
4.412059 -4.057903
5.633535 -3.643369
3.717671 -2.741559
6.107812 -2.108306
5.598566 -3.836622
5.077891 -2.446852
4.178977 -1.541591
4.718900 -3.855082
5.179813 -3.992123
5.854036 -3.011699
4.269176 -2.373089
5.915807 -2.998501
6.957359 -3.816327
4.649737 -2.884852
5.331467 -2.792931
4.535221 -3.444562
3.785928 -4.120490
6.039814 -2.564642
5.490829 -2.982911
4.638883 -3.362986
5.080177 -3.631237
4.837502 -3.500325
3.966399 -3.867193
2.961881 -4.040093
4.966435 -1.734569
4.672987 -3.241458
4.592250 -4.729031
4.401810 -3.488241
3.715020 -1.939616
4.631081 -3.538154
5.114152 -1.222662
4.249186 -3.779519
5.318547 -3.752972
4.807103 -4.033133
4.928261 -1.836161
3.989469 -3.580106
4.459481 -2.582698
5.290011 -4.648125
4.441433 -3.572675
5.114295 -2.340768
6.398589 -4.280402
5.562338 -2.949876
5.733529 -2.451597
6.669005 -1.221553
5.831130 -2.358913
5.281245 -2.053297
6.379741 -3.354255
4.360311 -3.578817
4.517646 -2.943527
6.427148 -3.893323
5.321269 -1.877922
4.970228 -2.224171
5.323973 -2.037504
4.813222 -1.739216
4.793535 -3.107919
4.726492 -3.577158
4.608268 -2.474367
4.332684 -1.848040
4.957681 -2.141621
4.593637 -2.054424
6.019546 -1.493870
5.166543 -2.704662
5.722222 -1.795903
4.901125 -3.011846
4.942335 -2.210500
5.889715 -4.403582
6.038410 -1.457894
5.023293 -4.774907
6.196763 -2.794343
5.336391 -3.346210
5.260590 -4.158983
6.549979 -2.664174
6.085893 -2.667757
5.641530 -1.588791
5.284440 -2.863137
4.619306 -2.422372
4.918530 -2.756912
6.288349 -1.532329
3.570579 -1.869446
4.549589 -2.989347
4.866496 -2.875666
5.104846 -1.220569
3.738606 -3.239472
5.374107 -2.142008
5.515998 -3.878355
4.335224 -3.761946
4.816656 -2.137217
4.141894 -2.351695
6.148730 -1.941908
5.264113 -3.633191
4.822593 -1.982011
4.345604 -2.828074
5.069763 -3.047474
6.190966 -1.310855
5.194638 -1.562956
5.249813 -5.251078
4.151206 -2.643511
5.117471 -3.850242
5.548829 -3.299551
4.023178 -3.634249
5.797814 -1.375523
6.743329 -1.758930
3.898386 -2.444719
3.538659 -2.296582
4.948665 -2.541837
5.536773 -2.316016
4.942255 -2.748710
4.887942 -3.178504
5.004595 -2.492274
4.247209 -3.309899
3.837577 -3.394370
6.118325 -3.269739
5.206909 -3.088130
4.160234 -2.991971
5.760802 -0.468204
4.082620 -4.223243
4.913895 -4.071751
5.523805 -2.753941
4.405523 -3.050611
4.752887 -3.730151
5.020953 -2.673013
6.380537 -2.247009
5.324579 -4.153722
4.717644 -3.407867
4.840629 -4.287906
4.801810 -2.916422
5.923994 -2.836201
4.798916 -2.317425
4.440176 -4.086368
5.170143 -2.702508
4.933075 -3.143308
5.560902 -1.608046
5.678426 -2.693253
5.768698 -3.537184
5.457617 -3.228932
5.447281 -3.536220
6.345820 -1.560979
4.179738 -3.511100
4.754415 -4.606835
3.801408 -3.201243
5.650104 -1.856497
5.015225 -2.336709
4.788334 -2.835916
3.783058 -1.214594
5.129706 -3.587711
4.816342 -2.740964
4.042020 -3.871834
4.181565 -3.787917
4.461194 -3.344340
4.823011 -2.352383
3.834148 -0.945873
4.871313 -2.201058
5.435357 -4.071077
4.733651 -3.205155
4.506415 -3.554443
5.215047 -3.292943
5.778581 -1.819768
4.684200 -2.622605
4.669985 -2.008426
3.984721 -2.396548
4.308650 -3.792886
5.428432 -2.069182
4.919634 -4.350388
5.540627 -2.200211
5.473689 -2.400363
5.265719 -1.899571
5.542105 -4.419742
6.077257 -3.203636
5.407876 -2.982087
5.301208 -2.899649
4.969643 -2.123643
4.121587 -2.299306
4.642945 -2.347984
5.230412 -2.821470
4.214105 -1.323990
5.331056 -3.325097
5.228122 -2.898852
5.070726 -3.576692
5.213146 -3.061528
5.016846 -2.274412
4.984405 -4.227342
4.993807 -2.809069
5.657224 -3.734818
4.936055 -2.211615
3.132428 -4.965382
4.656240 -4.955524
5.138571 -1.375706
5.678626 -3.149420
5.976037 -4.968268
4.334285 -4.686138
5.538015 -3.086922
5.168235 -2.692614
4.852658 -2.662454
5.017493 -1.933008
4.980137 -2.667058
5.099249 -3.073484
5.167999 -1.952243
4.525143 -0.941137
4.261073 -2.973307
5.682900 -3.240524
4.844609 -1.961525
6.000228 -3.507225
4.346501 -4.483080
4.579879 -3.106488
6.004994 -2.754736
5.995329 -2.854207
4.272387 -4.118085
5.146026 -3.596941
5.948309 -3.679488
5.942373 -2.044946
4.091442 -3.130801
6.144365 -2.350596
5.467853 -2.401485
5.160758 -3.192501
4.840494 -4.980799
4.316939 -2.637062
5.067188 -2.296050
4.818463 -3.752597
6.633510 -3.016917
5.134393 -3.441664
4.877385 -1.298665
4.990080 -3.030569
4.566729 -2.796082
6.464984 -4.047810
5.450444 -3.735370
5.052958 -4.356563
5.794270 -2.271414
4.976575 -2.392813
4.930882 -3.828285
4.606410 -0.112356
4.564776 -2.080865
6.134590 -2.594211
5.543408 -1.083816
5.061471 -5.455688
6.205164 -3.091063
5.016712 -3.024680
5.205091 -2.800064
3.995980 -4.038315
5.336069 -2.470633
3.976591 -5.217119
4.301181 -2.892584
5.671313 -2.561091
5.248353 -3.040993
4.383204 -2.635691
4.718482 -3.763698
5.181328 -2.450476
5.155581 -3.374638
3.789829 -4.659159
4.147402 -3.310229
3.746361 -3.619943
4.948741 -4.024591
3.782988 -2.495001
5.496305 -2.959527
4.289027 -3.254730
4.217638 -3.547736
6.266117 -1.323406
6.529037 -1.826997
4.420683 -3.189061
4.973802 -2.913427
6.388053 -1.487440
4.617974 -1.206729
6.214459 -1.897379
5.579692 -3.325847
5.039259 -3.582815
4.750303 -2.248413
6.197237 -3.863734
5.502789 -4.070876
4.552568 -3.355237
5.277699 -2.044120
4.379187 -2.840718
5.105320 -2.755058
6.083201 -1.875250
5.376073 -2.765372
4.462834 -4.138562
5.246062 -2.157906
4.506579 -2.523658
6.427871 -3.088390
3.731663 -3.413036
4.533658 -3.544583
5.545500 -3.024007
4.419931 -3.800514
5.012649 -3.512190
5.462826 -4.486675
5.889327 -3.518642
4.344455 -3.693229
4.879878 -2.422348
4.666477 -1.545033
4.919225 -1.964515
5.261267 -1.953177
4.562573 -2.323789
5.565767 -2.453405
5.301720 -2.250011
4.666012 -3.729839
5.195127 -2.166798
5.695954 -4.198550
5.702233 -2.381227
5.472495 -3.832413
4.954039 -3.970495
4.561524 -3.453511
5.158466 -4.302708
4.670392 -2.984025
4.765179 -1.889341
5.653943 -3.249374
6.023202 -2.504298
5.421317 -2.837963
6.451882 -1.788179
3.918657 -3.158316
5.016043 -2.707029
5.067377 -0.532286
6.141643 -1.853766
5.354454 -3.933843
4.771010 -1.880208
5.391890 -3.924227
5.454276 -2.990093
5.129135 -2.710633
3.566358 -2.129997
5.723427 -3.397262
2.531107 -2.462142
5.077421 -1.230263
3.903043 -4.905485
4.748899 -4.076748
5.988929 -1.805059
4.636918 -3.293948
6.355651 -3.038178
5.550419 -2.076065
4.825730 -0.776939
4.361107 -4.301895
4.649344 -3.908991
5.264808 -3.077500
3.323781 -2.999490
5.434915 -2.893145
5.197612 -3.312465
5.579025 -1.780353
6.447806 -3.909561
4.771078 -2.796023
4.306652 -2.010253
5.834127 -2.624800
5.632566 -3.622126
4.898933 -2.879445
4.580353 -3.317396
5.176011 -3.599684
4.201123 -1.646846
5.046736 -3.197668
4.548919 -3.578002
4.420662 -3.755970
5.684446 -2.878801
5.021460 -4.495841
5.955370 -4.646159
4.231817 -2.807103
5.169893 -4.289770
4.260238 -3.399849
5.437499 -2.224597
5.922799 -2.077850
5.723717 -1.455464
3.504199 -4.009562
5.482055 -2.143294
5.006158 -2.674713
5.236367 -1.747561
4.612921 -2.779841
3.832578 -2.184803
5.631300 -1.860578
4.641458 -3.411711
4.766802 -3.461065
5.119044 -4.329049
6.793746 -3.087500
6.621839 -2.644554
4.067566 -3.743139
4.664736 -2.927969
5.698185 -3.356403
3.534149 -3.431692
5.879659 -2.220672
4.777092 -2.183675
5.989450 -1.851696
4.377830 -4.084960
4.347713 -3.136122
6.636530 -2.344908
5.415788 -4.293461
4.780961 -1.073260
4.269584 -2.766748
5.780187 -3.545022
5.241908 -1.967188
3.399115 -2.622863
4.361280 -2.890745
7.100128 -3.680188
4.991680 -4.765392
3.586112 -3.963568
4.372078 -3.645633
4.703084 -2.547472
5.491141 -2.385502
4.884916 -3.785301
5.071826 -2.171824
4.987372 -2.332583
4.320946 -3.125501
5.829299 -3.951229
4.741713 -2.107960
4.672319 -3.129722
5.137878 -4.013485
4.952662 -2.747713
4.631223 -2.476415
5.089873 -4.461630
6.494130 -1.133594
5.382744 -5.149052
4.536785 -4.635237
4.385150 -1.775981
4.831074 -2.674826
3.885609 -3.428913
6.291001 -2.988404
5.144439 -2.268682
4.177355 -3.868023
5.085284 -2.071840
3.979278 -2.302683
5.411781 -3.045150
4.871685 -2.808789
5.029705 -3.628763
5.255861 -3.856613
5.603667 -3.388713
4.427405 -1.971492
3.962639 -3.239720
4.926534 -3.451623
4.418112 -3.979267
5.300507 -4.133447
3.688540 -2.977879
5.607104 -1.959761
5.216653 -1.768516
4.214007 -2.439821
4.775677 -3.309039
5.592458 -3.367604
6.715770 -2.634367
4.751742 -2.062561
5.977195 -2.025756
4.391425 -5.118924
5.146294 -3.046465
4.853277 -3.966781
5.240598 -3.471249
4.647782 -1.264773
3.994922 -3.777530
4.808534 -4.683797
5.310889 -2.822973
4.642102 -3.124478
4.869646 -3.415555
5.284256 -2.120542
5.381292 -2.433872
4.481271 -2.624083
4.810232 -3.276954
-5.536863 -6.262688
-6.385363 -2.207482
-5.753842 -5.944562
-5.237231 -5.138125
-5.550676 -3.370817
-6.890067 -3.162095
-6.710402 -5.697953
-7.375999 -3.610403
-4.680717 -6.837134
-6.034466 -7.108054
-6.869128 -3.880391
-5.103427 -7.456810
-6.675770 -7.425276
-5.409991 -5.276909
-3.993681 -3.965893
-4.759465 -3.911955
-6.211875 -6.785246
-6.150594 -4.902036
-3.437423 -4.880876
-6.225946 -3.712332
-5.601591 -3.197084
-5.568758 -3.176633
-4.776556 -4.355351
-5.715196 -6.867842
-5.515498 -5.116777
-5.573834 -6.860920
-2.442783 -4.687289
-4.841070 -3.232481
-7.159487 -7.089705
-7.610531 -3.409552
-8.136232 -4.693595
-3.565802 -6.428542
-7.083337 -5.733450
-4.687528 -3.879936
-5.293825 -4.765916
-8.019670 -4.455257
-3.324009 -5.398973
-5.269381 -3.991374
-3.592178 -6.906082
-5.546724 -6.142953
-5.762462 -4.225845
-7.348431 -2.567176
-5.950261 -3.463465
-5.818603 -5.205853
-8.012163 -5.965096
-6.025027 -7.902807
-5.784045 -6.225475
-6.953993 -3.269211
-5.456823 -5.868629
-7.604160 -4.097411
-6.758993 -4.475355
-5.860579 -7.785160
-6.800467 -3.170855
-5.442018 -2.675221
-6.479951 -4.883782
-7.156346 -3.362606
-4.767617 -6.363665
-5.206219 -4.531328
-5.244161 -2.620638
-5.093684 -3.680665
-4.664662 -6.327642
-4.689201 -6.716483
-5.955432 -4.949275
-6.595651 -5.090319
-6.146384 -5.027773
-4.362467 -3.981842
-7.584620 -4.181895
-6.746623 -2.676145
-4.619832 -5.526586
-4.880845 -5.549281
-6.655533 -3.789542
-6.273594 -4.376470
-6.206099 -5.190181
-6.364317 -6.848685
-9.232115 -5.279165
-6.565295 -4.039623
-5.591152 -4.464817
-2.756871 -7.936074
-7.934875 -4.187605
-6.840742 -4.053919
-6.509933 -6.285634
-7.246516 -5.813098
-6.891318 -3.210577
-8.545535 -6.306552
-6.148715 -4.394113
-6.685924 -3.549398
-5.292285 -7.468628
-5.924056 -5.187823
-4.590056 -6.943868
-3.855967 -5.623302
-5.838803 -5.579890
-7.637774 -6.490081
-5.677052 -4.342780
-4.150278 -4.893346
-6.126299 -5.725225
-5.487223 -4.519822
-7.278314 -6.232296
-4.003534 -7.218937
-5.465782 -6.616532
-6.558440 -4.944396
-8.214526 -4.892147
-6.909649 -2.312963
-7.358839 -4.622475
-6.651592 -4.078408
-5.541216 -4.443903
-4.902870 -4.914208
-5.794117 -4.832372
-5.889257 -3.491953
-5.504429 -6.616603
-2.490143 -4.171241
-5.559861 -4.298008
-5.813778 -6.492307
-3.912720 -4.336054
-5.881539 -3.571051
-6.890274 -2.573079
-4.767221 -5.944990
-6.473444 -2.800433
-5.732645 -4.764254
-4.840830 -7.216090
-4.931185 -6.330993
-8.121011 -3.117728
-9.124701 -1.700578
-6.928262 -6.152033
-3.814737 -5.887390
-5.689028 -5.922777
-6.200750 -2.595239
-6.206221 -6.042849
-4.626637 -3.816215
-5.562811 -5.926046
-5.370567 -4.250632
-8.765474 -5.697478
-6.230226 -3.056682
-5.974616 -7.746235
-7.137709 -4.209142
-6.030359 -4.466412
-6.796791 -5.746694
-4.849228 -6.595562
-6.755114 -3.983871
-4.274071 -6.879440
-6.056413 -5.015749
-4.815324 -8.910279
-2.977420 -8.622419
-5.911596 -5.085924
-4.022844 -4.288607
-7.418737 -6.563402
-3.587942 -4.983616
-7.598602 -3.837616
-6.086505 -5.701627
-6.432364 -4.881492
-7.520183 -1.755665
-7.730377 -6.147220
-5.144916 -4.696556
-7.837744 -4.111995
-7.773556 -3.991671
-4.506643 -5.519316
-5.997756 -4.651089
-5.497725 -5.484546
-7.192350 -6.695644
-6.260334 -5.636495
-5.593955 -4.847875
-5.778476 -4.754359
-3.634594 -5.060837
-6.825583 -1.956965
-6.198380 -6.987561
-4.899083 -4.531916
-4.745793 -5.261220
-8.611009 -4.152004
-6.518407 -5.683617
-6.895205 -4.851547
-6.021194 -4.147253
-5.318488 -4.704007
-5.411546 -7.197110
-4.490733 -4.391321
-5.407774 -4.892980
-5.582712 -2.789126
-4.749100 -6.811225
-5.432932 -6.091700
-7.752290 -6.576645
-5.854720 -5.045321
-8.188991 -3.012830
-4.530719 -6.098965
-8.788439 -4.689047
-6.727366 -5.116789
-5.875305 -5.242267
-6.050560 -3.710749
-3.509121 -5.834263
-5.926632 -5.624949
-6.812100 -3.932860
-5.223450 -6.961823
-7.596326 -3.708781
-5.278596 -5.503952
-5.668050 -2.455236
-6.519556 -5.628143
-6.822884 -4.191473
-7.574853 -4.313580
-8.484978 -5.491083
-6.560910 -3.719677
-4.971806 -8.119108
-6.944435 -7.094612
-3.903719 -7.346149
